20140111
20140220
20140221
20140327
20140328
20140402
20140403
20140406
20140407
20140412
20140413
20140423
20140425
20140427
20140428
20140429
20140507
20140508
20140510
20140511
20140512
20140514
20140518
20140520
20140521
20140522
20140523
20140525
20140526
20140527
20140601
20140603
20140604
20140605
20140606
20140607
20140608
20140609
20140610
20140611
20140612
20140614
20140616
20140617
20140618
20140619
20140620
20140621
20140622
20140624
20140625
20140627
20140629
20140630
20140702
20140703
20140705
20140706
20140707
20140708
20140709
20140713
20140714
20140715
20140721
20140722
20140723
20140726
20140727
20140728
20140818
20140820
20140831
20140901
20140902
20140903
20140905
20141001
20141002
20141006
20141007
20141013
20141116
20141123
20141223
