20130129
20130130
20130210
20130218
20130221
20130309
20130318
20130323
20130329
20130330
20130331
20130407
20130409
20130410
20130411
20130416
20130417
20130418
20130419
20130426
20130429
20130508
20130509
20130510
20130517
20130518
20130519
20130520
20130521
20130522
20130525
20130526
20130527
20130528
20130529
20130530
20130531
20130602
20130604
20130605
20130606
20130610
20130612
20130613
20130616
20130617
20130618
20130620
20130621
20130622
20130624
20130625
20130626
20130627
20130628
20130707
20130708
20130709
20130710
20130717
20130719
20130720
20130721
20130722
20130723
20130724
20130801
20130803
20130805
20130806
20130810
20130815
20130830
20130831
20130911
20130912
20130919
20131003
20131004
20131007
20131031
20131117
20131221