20160202
20160215
20160216
20160223
20160224
20160301
20160313
20160314
20160315
20160317
20160318
20160323
20160327
20160330
20160331
20160406
20160410
20160411
20160412
20160415
20160424
20160425
20160426
20160427
20160428
20160429
20160430
20160501
20160502
20160503
20160507
20160508
20160509
20160510
20160511
20160513
20160516
20160521
20160522
20160523
20160524
20160525
20160526
20160527
20160529
20160530
20160605
20160609
20160610
20160612
20160613
20160614
20160615
20160616
20160617
20160619
20160620
20160621
20160622
20160623
20160628
20160629
20160704
20160705
20160706
20160707
20160708
20160709
20160710
20160711
20160713
20160714
20160715
20160716
20160718
20160719
20160720
20160721
20160722
20160723
20160725
20160727
20160728
20160729
20160803
20160804
20160810
20160813
20160817
20160820
20160824
20160827
20160828
20160910
20160915
20160917
20160928
20161006
20161128
20161129
20161130
