20190119
20190223
20190303
20190309
20190314
20190322
20190324
20190406
20190407
20190413
20190414
20190417
20190418
20190419
20190424
20190426
20190428
20190430
20190501
20190502
20190503
20190505
20190506
20190507
20190508
20190509
20190513
20190515
20190516
20190517
20190518
20190519
20190520
20190521
20190522
20190523
20190524
20190525
20190526
20190527
20190528
20190529
20190531
20190601
20190602
20190604
20190605
20190606
20190608
20190615
20190616
20190617
20190618
20190619
20190620
20190621
20190622
20190623
20190624
20190625
20190626
20190627
20190628
20190629
20190630
20190702
20190703
20190704
20190705
20190706
20190708
20190709
20190711
20190714
20190716
20190717
20190719
20190720
20190721
20190722
20190726
20190728
20190730
20190731
20190801
20190805
20190806
20190807
20190808
20190810
20190811
20190813
20190815
20190817
20190818
20190819
20190820
20190821
20190822
20190826
20190829
20190902
20190904
20190905
20190909
20190910
20190911
20190924
20190927
20190930
20191020
20191031
20191126
20191216
20191229
