20170102
20170120
20170121
20170122
20170207
20170214
20170225
20170228
20170301
20170306
20170309
20170321
20170323
20170324
20170326
20170327
20170328
20170329
20170330
20170402
20170403
20170404
20170405
20170406
20170409
20170410
20170415
20170416
20170420
20170421
20170426
20170427
20170428
20170429
20170430
20170501
20170503
20170504
20170508
20170509
20170510
20170511
20170515
20170516
20170517
20170518
20170519
20170520
20170523
20170524
20170526
20170527
20170528
20170530
20170531
20170607
20170609
20170611
20170612
20170613
20170614
20170615
20170616
20170617
20170618
20170619
20170620
20170623
20170627
20170628
20170629
20170701
20170702
20170704
20170705
20170706
20170707
20170708
20170709
20170710
20170711
20170717
20170719
20170720
20170721
20170722
20170723
20170804
20170810
20170812
20170813
20170816
20170818
20170822
20170825
20170826
20170827
20170831
20170905
20170910
20171002
20171006
20171007
20171008
20171023
20171105
20171118
20171219
