20180121
20180224
20180310
20180317
20180318
20180319
20180320
20180328
20180403
20180406
20180413
20180414
20180415
20180422
20180501
20180502
20180503
20180504
20180510
20180513
20180514
20180515
20180517
20180518
20180519
20180523
20180525
20180526
20180527
20180528
20180529
20180530
20180531
20180601
20180602
20180603
20180606
20180607
20180608
20180609
20180610
20180611
20180612
20180614
20180617
20180618
20180619
20180620
20180622
20180623
20180624
20180625
20180626
20180627
20180628
20180629
20180630
20180702
20180703
20180705
20180706
20180717
20180719
20180720
20180721
20180722
20180726
20180727
20180728
20180729
20180806
20180807
20180808
20180809
20180812
20180817
20180819
20180827
20180828
20180831
20180903
20180914
20180915
20180916
20180917
20180920
20180925
20181002
20181009
20181010
20181011
20181013
20181031
20181102
20181105
20181130
20181201
