20150103
20150104
20150324
20150325
20150331
20150401
20150402
20150407
20150408
20150409
20150416
20150417
20150418
20150419
20150420
20150422
20150424
20150425
20150426
20150503
20150505
20150506
20150507
20150508
20150509
20150510
20150511
20150515
20150519
20150523
20150524
20150525
20150526
20150527
20150528
20150601
20150602
20150603
20150604
20150605
20150607
20150608
20150609
20150610
20150611
20150612
20150616
20150617
20150618
20150619
20150620
20150621
20150622
20150623
20150624
20150625
20150626
20150627
20150628
20150629
20150630
20150701
20150702
20150704
20150705
20150706
20150709
20150712
20150713
20150714
20150716
20150717
20150718
20150719
20150723
20150727
20150802
20150804
20150806
20150807
20150818
20150909
20150910
20150918
20151030
20151031
20151111
20151116
20151117
20151212
20151223
20151225
20151227
